3.000000000000000000000                1.000000000000000000000
3.299999999999999822364                2.599999999999999644729
3.599999999999999644729                3.927272727272726804415
3.899999999999999467093                5.072727272727272307407
4.199999999999999289457                6.092307692307691979750
4.499999999999999111822                7.021978021978021899940
4.799999999999998934186                7.885714285714285232132
5.099999999999998756550                8.699999999999999289457
5.399999999999998578915                9.476470588235292424883
5.699999999999998401279                10.223529411764703311860
5.999999999999998223643                10.947368421052628306711
6.299999999999998046007                11.652631578947366008947
6.599999999999997868372                12.342857142857139862713
6.899999999999997690736                13.020779220779218121606
7.199999999999997513100                13.688537549407111981736
7.499999999999997335465                14.347826086956519731075
7.799999999999997157829                14.999999999999998223643
8.099999999999997868372                15.646153846153843858247
8.399999999999998578915                16.287179487179486159221
8.699999999999999289457                16.923809523809524080207
9.000000000000000000000                17.556650246305419926784
9.300000000000000710543                18.186206896551723843913
9.600000000000001421085                18.812903225806451246171
9.900000000000002131628                19.437096774193548753829
10.200000000000002842171                20.059090909090908638746
10.500000000000003552714                20.679144385026738461875
10.800000000000004263256                21.297478991596641151318
11.100000000000004973799                21.914285714285718142946
11.400000000000005684342                22.529729729729734089005
11.700000000000006394885                23.143954480796590900127
12.000000000000007105427                23.757085020242918460553
12.300000000000007815970                24.369230769230775024425
12.600000000000008526513                24.980487804878055868585
12.900000000000009237056                25.590940766550531293433
13.200000000000009947598                26.200664451827250900351
13.500000000000010658141                26.809725158562375924021
13.800000000000011368684                27.418181818181825093461
14.100000000000012079227                28.026086956521748305704
14.400000000000012789769                28.633487511563377125867
14.700000000000013500312                29.240425531914905121766
15.000000000000014210855                29.846938775510217567444
15.300000000000014921397                30.453061224489811564808
15.600000000000015631940                31.058823529411782260468
15.900000000000016342483                31.664253393665177327421
16.200000000000017053026                32.269375907111772505687
16.500000000000017763568                32.874213836478006101061
16.800000000000018474111                33.478787878787898080191
17.100000000000019184654                34.083116883116900908135
17.400000000000019895197                34.687218045112800268726
17.700000000000020605739                35.291107078039949840331
18.000000000000021316282                35.894798363530121321219
18.300000000000022026825                36.498305084745787496558
18.600000000000022737368                37.101639344262324016199
18.900000000000023447910                37.704812268640957029220
19.200000000000024158453                38.307834101382518099399
19.500000000000024868996                38.910714285714313120934
19.800000000000025579538                39.513461538461569944047
20.100000000000026290081                40.116083916083951521614
20.400000000000027000624                40.718588873812791462115
20.700000000000027711167                41.320983318700655217981
21.000000000000028421709                41.923273657289044535901
21.300000000000029132252                42.525465838509362015429
21.600000000000029842795                43.127565392354171081024
21.900000000000030553338                43.729577464788782492633
22.200000000000031263880                44.331506849315118756749
22.500000000000031974423                44.933358015549849540093
22.800000000000032684966                45.535135135135185180388
23.100000000000033395509                46.136842105263205837673
23.400000000000034106051                46.738482570061563592390
23.700000000000034816594                47.340059940059987297900
24.000000000000035527137                47.941577409931888098527
24.300000000000036237680                48.543037974683592494785
24.600000000000036948222                49.144444444444495445623
24.900000000000037658765                49.745799457994628767210
25.200000000000038369308                50.347105495151389220609
25.500000000000039079850                50.948364888123975902090
25.800000000000039790393                51.549579831932824447449
26.100000000000040500936                52.150752393980901899795
26.400000000000041211479                52.751884522854908254885
26.700000000000041922021                53.352978056426387354350
27.000000000000042632564                53.954034729315687002327
27.300000000000043343107                54.555056179775341718141
27.600000000000044053650                55.156043956044015885709
27.900000000000044764192                55.756999522216972309252
28.200000000000045474735                56.357924263674675557922
28.500000000000046185278                56.958819492107132020919
28.800000000000046895821                57.559686450168037197272
29.100000000000047606363                58.160526315789539353318
29.400000000000048316906                58.761340206185636247938
29.700000000000049027449                59.362129181569606828361
30.000000000000049737992                59.962894248608606062589
30.300000000000050448534                60.563636363636433657121
30.600000000000051159077                61.164356435643632892152
30.900000000000051869620                61.765055329062384714689
31.200000000000052580162                62.365733866362148773987
31.500000000000053290705                62.966392830470567787415
31.800000000000054001248                63.567032967033036072735
32.100000000000051159077                64.167654986522975946173
32.400000000000048316906                64.768259566214140932061
32.700000000000045474735                65.368847352024985752905
33.000000000000042632564                65.969418960244709637664
33.300000000000039790393                66.569974979149350247098
33.600000000000036948222                67.170515970516035508808
33.900000000000034106051                67.771042471042534316439
34.200000000000031263880                68.371554993678955725045
34.500000000000028421709                68.972054028877565201583
34.800000000000025579538                69.572540045766658067805
35.100000000000022737368                70.173013493253435512997
35.400000000000019895197                70.773474801061070138530
35.700000000000017053026                71.373924380704110603801
36.000000000000014210855                71.974362626406559684256
36.300000000000011368684                72.574789915966448461404
36.600000000000008526513                73.175206611570303039116
36.900000000000005684342                73.775613060560957023881
37.200000000000002842171                74.376009596161594572550
37.500000000000000000000                74.976396538158994076184
37.799999999999997157829                75.576774193548445168744
38.099999999999994315658                76.177142857142911225310
38.399999999999991473487                76.777502812148540556336
38.699999999999988631316                77.377854330708714769571
38.999999999999985789145                77.978197674418652241002
39.299999999999982946974                78.578533094812215153979
39.599999999999980104803                79.178860833822710674212
39.899999999999977262632                79.779181124219334719783
40.199999999999974420462                80.379494190020551513953
40.499999999999971578291                80.979800246885915271378
40.799999999999968736120                81.580099502487598783773
41.099999999999965893949                82.180392156862779984294
41.399999999999963051778                82.780678402747994937272
41.699999999999960209607                83.380958425896579910841
41.999999999999957367436                83.981232405380083605451
42.299999999999954525265                84.581500513874658508939
42.599999999999951683094                85.181762917933170342621
42.899999999999948840923                85.782019778243963514797
43.199999999999945998752                86.382271249876907859289
43.499999999999943156581                86.982517482517508256024
43.799999999999940314410                87.582758620689673989546
44.099999999999937472239                88.182994803967901020769
44.399999999999934630068                88.783226167179222443337
44.699999999999931787897                89.383452840595722932449
44.999999999999928945726                89.983674950117929824955
45.299999999999926103555                90.583892617449691897491
45.599999999999923261385                91.184105960264929535697
45.899999999999920419214                91.784315092366711041905
46.199999999999917577043                92.384520123839038774349
46.499999999999914734872                92.984721161191771443555
46.799999999999911892701                93.584918307498966782987
47.099999999999909050530                94.185111662531028287049
47.399999999999906208359                94.785301322880954444372
47.699999999999903366188                95.385487382084988894348
47.999999999999900524017                95.985669930737998356562
48.299999999999897681846                96.585849056603777285090
48.599999999999894839675                97.186024844720492410488
48.899999999999891997504                97.786197377501721916815
49.199999999999889155333                98.386366734832989777715
49.499999999999886313162                98.986532994164292631467
49.799999999999883470991                99.586696230598661827571
50.099999999999880628820                100.186856516976988018541
50.399999999999877786649                100.787013923959293038024
50.699999999999874944479                101.387168520102633806346
50.999999999999872102308                101.987320371935737739477
51.299999999999869260137                102.587469544030611245944
51.599999999999866417966                103.187616099071192365955
51.899999999999863575795                103.787760097919203872152
52.199999999999860733624                104.387901599677363151386
52.499999999999857891453                104.988040661750034132638
52.799999999999855049282                105.588177339901463369642
53.099999999999852207111                106.188311688311671332485
53.399999999999849364940                106.788443759630183649278
53.699999999999846522769                107.388573605027588087069
53.999999999999843680598                107.988701274245158856502
54.299999999999840838427                108.588826815642434553411
54.599999999999837996256                109.188950276243062376125
54.899999999999835154085                109.789071701778851775089
55.199999999999832311914                110.389191136732080167349
55.499999999999829469743                110.989308624376292300440
55.799999999999826627572                111.589424206815465367981
56.099999999999823785402                112.189537925021753039800
56.399999999999820943231                112.789649818871779984875
56.699999999999818101060                113.389759927181657417350
56.999999999999815258889                113.989868287740577557088
57.299999999999812416718                114.589974937343299643544
57.599999999999809574547                115.190079911821371183578
57.899999999999806732376                115.790183246073226541739
58.199999999999803890205                116.390284974093191294742
58.499999999999801048034                116.990385128999449193543
58.799999999999798205863                117.590483743060985943885
59.099999999999795363692                118.190580847723623492129
59.399999999999792521521                118.790676473635059551270
59.699999999999789679350                119.390770650669040264802
59.999999999999786837179                119.990863407948751273580
60.299999999999783995008                120.590954773869256655416
